204752573
81838067
53347647
157981564
80803819
606325697
196994616
206717989
420461348
988900345
3305994758
183622298
18022037
19287037
1146329871418843136
811229675758505984
189868631
14159148
14499829
125403342
196199069
16717501
1976143068
4813171035
1110890216
29701712
4897361049
951480480
62747302
119081177
95455794
18387196
847396122
78085410
201737230
214032204
326650532
311941092
1019519323877072896
256912714
2973344741
733318991230476289
270609583
132839813
39216969
368229364
1139082610033008640
574309712
115667457
14224719
3131144855
1321090704878325764
143478208
14281853
37963496
14353202
5680622
10215212
1168968080690749441
138037459
14291684
172375021
1094881364887986177
1545915336